Start Distance log 
Login date and time: 17-1-2021 10:42:45

docks has started -------------------------    4,73116
13,28    4,75116
14,4    4,835872
15,8    4,935858
17,2    5,032103
18,88    5,14266
20,00001    5,239199
21,40001    5,331292
23,08002    5,442674
24,48002    5,549417
25,60002    5,632936
27,28003    5,751704
28,40003    5,834071
30,08003    5,954716
31,20004    6,036801
32,60003    6,137181
34,00003    6,234303
35,68002    6,354332
37,08001    6,449547
38,20001    6,531166
39,6    6,632624
41    6,732157
42,39999    6,836921
44,07998    6,946918
45,47998    7,04844
46,87997    7,145567
47,99997    7,234756
49,39996    7,339491
50,79995    7,432457
52,19995    7,539667
53,87994    7,655229
55,27993    7,749681
56,39993    7,836733
58,07992    7,949968
59,47992    8,05055
60,59991    8,133982
61,9999    8,234464
63,3999    8,338137
64,7999    8,43571
66,47989    8,545304
67,87988    8,647303
68,99988    8,731683
70,67987    8,846629
72,07986    8,952488
73,47986    9,049412
74,87985    9,153171
76,27985    9,244327
77,39984    9,33316
78,79984    9,432295
80,47983    9,542917
81,59982    9,633728
83,27982    9,742357
84,67981    9,847369
85,7998    9,93509
87,1998    10,03306
88,87979    10,14885
89,99979    10,23746
91,39978    10,33496
92,79977    10,43596
94,19977    10,53404
95,59976    10,63723
97,27975    10,74587
98,67975    10,85271
100,0797    10,94281
101,4797    11,05028
102,5997    11,13262
103,9997    11,2366
105,6797    11,34753
106,7997    11,43212
108,1997    11,53191
109,8797    11,64858
111,2797    11,74226
112,6797    11,84741
114,0797    11,95035
115,1997    12,03258
116,8797    12,14931
118,2797    12,24513
119,6797    12,35388
121,0797    12,44718
122,1996    12,53654
123,8796    12,64899
124,9996    12,73121
126,6796    12,84225
128,0796    12,94745
129,1996    13,03451
130,8796    13,15388
132,2796    13,24667
133,6796    13,34849
135,0796    13,44336
136,4796    13,54672
137,5996    13,63533
138,9996    13,73421
140,3996    13,83846
142,0796    13,95339
143,4796    14,04462
144,5995    14,13446
146,2795    14,24279
147,3995    14,33675
149,0795    14,45279
150,4795    14,54405
151,5995    14,63718
152,9995    14,73397
154,6795    14,84226
156,0795    14,94263
157,4795    15,04311
158,8795    15,14238
160,2795    15,24989
161,3995    15,33702
162,7995    15,43149
164,4795    15,55838
165,8795    15,6424
166,9995    15,73586
168,6794    15,84511
170,0794    15,94889
171,1994    16,03897
172,8794    16,15183
174,2794    16,24847
175,3994    16,33442
176,7994    16,43252
178,1994    16,53865
179,8794    16,64679
180,9994    16,73476
182,3994    16,83667
184,0794    16,94583
185,4794    17,05043
186,5994    17,13262
187,9994    17,23604
189,6794    17,34346
190,7993    17,43263
192,1993    17,5359
193,8793    17,64804
194,9993    17,7346
196,6793    17,84434
197,7993    17,93608
199,1993    18,03953
200,8793    18,14812
201,9993    18,2336
203,1193    18,34678
203,6793    18,43758
204,3793    18,53307
205,2193    18,64688
205,9193    18,74714
206,6193    18,8418
207,3193    18,95048
208,0193    19,03356
209,6993    19,1461
211,0993    19,24132
212,2193    19,33653
213,6192    19,43751
215,0192    19,537
216,4192    19,63184
218,0992    19,74581
219,2192    19,83135
220,8992    19,94853
222,0192    20,03793
223,4192    20,13556
225,0992    20,24138
226,4992    20,34245
227,6192    20,4314
229,2992    20,54136
230,4192    20,63172
231,8192    20,73241
233,2192    20,83355
234,8992    20,94818
236,0191    21,03335
237,6991    21,15776
239,0991    21,2434
240,4991    21,34121
241,6191    21,4395
243,0191    21,53562
244,6991    21,64673
245,8191    21,73145
247,7791    21,86177
248,8991    21,95679
250,2991    22,05084
251,6991    22,14413
252,8191    22,23909
254,4991    22,34233
255,8991    22,4528
257,2991    22,54052
258,4191    22,63479
260,0991    22,75064
261,2191    22,83475
262,899    22,95632
264,019    23,03248
265,699    23,14384
266,819    23,23284
268,499    23,35112
269,899    23,45081
271,299    23,54648
272,699    23,65103
274,099    23,74761
275,219    23,83501
276,619    23,93921
278,299    24,04503
279,419    24,13475
281,099    24,25002
282,499    24,34014
283,619    24,43511
285,299    24,54522
286,4189    24,63977
288,0989    24,74101
289,2189    24,83455
290,8989    24,95093
292,2989    25,04645
293,6989    25,14228
294,8189    25,23225
296,2189    25,33209
297,6189    25,43795
299,2989    25,55095
300,6989    25,6503
302,0989    25,74687
303,4989    25,85207
304,8989    25,94974
306,2989    26,04523
307,4189    26,13877
308,8188    26,2395
310,4988    26,34308
311,6188    26,43733
313,0188    26,53842
314,6988    26,64655
316,0988    26,74456
317,4988    26,846
318,6188    26,93743
320,2988    27,04016
321,4188    27,13389
323,0988    27,24408
324,2188    27,33954
325,6188    27,43834
327,2988    27,53483
330,6588    27,65376
332,8987    27,73363
336,2587    27,84074
338,4987    27,93401
341,2987    28,04502
341,9987    28,13791
341,2986    28,23386
340,4585    28,35071
339,7584    28,44691
339,1984    28,53538
338,9183    28,63774
340,5983    28,74489
341,7183    28,83869
341,7182    28,95593
341,0182    29,0418
340,3181    29,15483
