Start Distance to Gillface log 
Login date and time: 17-1-2021 10:49:10

docks has started -------------------------    6,577453
4,995555    6,597453
5,343687    6,685108
5,593682    6,780942
5,5771    6,898991
5,978488    6,982209
5,947652    7,078112
6,244554    7,193371
6,587286    7,281476
6,637144    7,393989
6,840691    7,493693
7,178255    7,58223
7,246508    7,693209
7,541277    7,785312
7,527159    7,879822
7,740179    7,978737
7,954912    8,077466
8,382841    8,181655
8,404968    8,295907
8,755749    8,382618
8,798048    8,494449
9,021946    8,590991
9,077717    8,678085
9,500175    8,78068
9,408344    8,879226
9,609837    8,999042
9,839493    9,093549
9,991444    9,194016
10,1708    9,291963
10,40539    9,38519
10,39495    9,497649
10,71687    9,583335
10,87922    9,681416
11,02559    9,780459
10,88743    9,87955
11,14073    9,991548
10,70326    10,09557
9,07233    10,1791
6,923645    10,28439
5,037205    10,38326
3,015625    10,49339
1,443226    10,57776
1,692726    10,69697
1,96402    10,81436
0,804039    10,89389
