Start Distance log 
Login date and time: 17-1-2021 10:49:10

docks has started -------------------------    6,577453
13,28    6,597453
14,68    6,685108
16,08    6,780942
17,48    6,898991
18,88    6,982209
20,00001    7,078112
21,68001    7,193371
23,08002    7,281476
24,48002    7,393989
25,88002    7,493693
27,28003    7,58223
28,68003    7,693209
30,08003    7,785312
31,20004    7,879822
32,60003    7,978737
34,00003    8,077466
35,68002    8,181655
37,08001    8,295907
38,48001    8,382618
39,88    8,494449
41,27999    8,590991
42,39999    8,678085
44,07998    8,78068
45,19998    8,879226
46,87997    8,999042
48,27996    9,093549
49,67996    9,194016
51,07995    9,291963
52,47995    9,38519
53,87994    9,497649
55,27993    9,583335
56,67993    9,681416
58,07992    9,780459
59,19992    9,87955
60,87991    9,991548
61,77202    10,09557
61,21202    10,1791
60,37203    10,28439
59,67203    10,38326
58,97203    10,49339
58,41204    10,57776
60,09203    10,69697
61,77202    10,81436
123,1328    10,89389
