Start Distance log 
Login date and time: 17-1-2021 10:50:03

docks has started -------------------------    6,664272
13,28    6,684272
14,68    6,782725
15,8    6,879046
17,2    6,97348
18,6    7,070292
20,00001    7,169614
21,40001    7,268535
23,08002    7,382003
24,20002    7,464818
25,60002    7,566887
27,00002    7,665436
28,40003    7,764739
29,80003    7,867689
31,20004    7,967379
32,60003    8,06693
34,00003    8,166971
35,40002    8,279035
36,80001    8,365669
38,48001    8,4861
39,6    8,568958
41    8,665359
42,67999    8,780518
44,07998    8,881302
45,19998    8,971455
46,59997    9,067487
47,99997    9,166953
49,39996    9,267562
50,79995    9,369451
52,19995    9,467129
53,59994    9,571051
55,27993    9,683504
56,39993    9,766703
58,07992    9,887815
59,19992    9,966213
60,87991    10,08169
62,2799    10,1802
63,3999    10,26573
65,0799    10,38303
66,19989    10,479
67,59988    10,5653
69,27988    10,68003
70,39987    10,76465
71,79987    10,86718
73,19986    10,97871
74,59985    11,07676
75,99985    11,1676
77,39984    11,27957
78,79984    11,36737
80,19983    11,47837
81,59982    11,56557
82,99982    11,67067
84,67981    11,78318
85,7998    11,86687
87,1998    11,96435
88,59979    12,07879
89,99979    12,1748
91,39978    12,26444
92,79977    12,36779
94,19977    12,46926
95,59976    12,57026
96,99976    12,66995
98,67975    12,78665
99,79974    12,87783
101,1997    12,96593
102,5997    13,07267
104,2797    13,18115
104,9797    13,26781
105,6797    13,37844
106,3797    13,47694
107,2197    13,58445
107,7797    13,66984
108,6197    13,78202
109,1797    13,86744
110,0197    13,98687
110,5797    14,06857
111,2797    14,16754
111,9797    14,2781
112,6797    14,37093
113,5197    14,48102
114,4997    14,56776
116,1797    14,68322
117,2997    14,76936
118,6997    14,87561
120,0997    14,9682
121,4996    15,07447
123,1796    15,18702
124,5796    15,28572
125,9796    15,38238
127,0996    15,46574
128,7796    15,58284
129,8996    15,67744
131,2996    15,76659
131,8427    15,86502
131,1427    15,96673
130,4427    16,07074
129,7427    16,17198
