Start Distance log 
Login date and time: 17-1-2021 10:51:12

docks has started -------------------------    40,1639
13,28    40,1839
14,4    40,26605
15,8    40,36618
17,2    40,47316
18,6    40,56496
20,00001    40,67853
21,40001    40,77688
22,80001    40,86503
24,20002    40,96587
25,60002    41,06776
27,00002    41,16487
28,68003    41,28242
29,80003    41,36793
31,20004    41,47535
32,88003    41,58723
34,00003    41,66826
35,68002    41,78042
36,80001    41,8731
38,20001    41,97586
39,88    42,08117
41    42,16957
42,39999    42,26977
43,79998    42,37931
45,19998    42,46598
46,59997    42,56648
47,99997    42,67099
49,39996    42,779
50,79995    42,86723
52,19995    42,9798
53,87994    43,0824
54,99994    43,17208
56,39993    43,2784
57,79992    43,3727
59,19992    43,4715
60,59991    43,56477
62,2799    43,6868
63,3999    43,76643
64,7999    43,86539
66,47989    43,98147
67,87988    44,08264
68,99988    44,16739
70,39987    44,27119
72,35986    44,41224
73,19986    44,46563
74,59985    44,56852
75,99985    44,67474
77,39984    44,77832
78,79984    44,87081
80,19983    44,97056
81,59982    45,07698
83,27982    45,18811
84,67981    45,28168
85,7998    45,37924
87,1998    45,47219
88,59979    45,56787
90,27979    45,68063
91,39978    45,76569
92,79977    45,86596
94,19977    45,96586
95,59976    46,07537
97,27956    46,18199
96,67829    46,26744
95,97829    46,37958
95,2783    46,47867
94,5783    46,56985
93,8783    46,66592
94,8583    46,77811
96,25829    46,86837
97,65829    46,96568
99,05828    47,06734
100,4583    47,16814
101,8583    47,2705
103,2583    47,36402
104,6583    47,46773
106,3382    47,58469
107,4582    47,6661
108,8582    47,7754
110,2582    47,87477
111,6582    47,96562
113,0582    48,06931
114,4582    48,1677
115,8582    48,26627
117,2582    48,36604
118,6582    48,47849
120,0582    48,56403
121,4582    48,66836
122,8582    48,76553
124,2582    48,87939
125,6582    48,97006
127,3382    49,08195
128,4582    49,16412
130,1382    49,28111
131,2581    49,37633
132,6581    49,47451
134,0581    49,57782
135,4581    49,6644
136,8581    49,76852
138,2581    49,86748
139,6581    49,96851
141,3381    50,08051
142,7381    50,1865
144,1381    50,28002
145,2581    50,37712
146,6581    50,46515
148,3381    50,582
149,4581    50,66514
150,8581    50,77761
152,2716    50,86747
153,6716    50,97639
155,0716    51,06631
156,4716    51,16681
158,1516    51,28099
159,2716    51,37233
160,6716    51,47916
162,0716    51,56496
163,4716    51,67705
164,8716    51,76856
166,5515    51,89024
167,6715    51,9675
169,0715    52,0761
170,4715    52,17808
171,8715    52,27798
173,5515    52,38519
174,9515    52,48151
176,0715    52,56507
177,4715    52,67863
178,8715    52,77258
180,2715    52,86445
181,9515    52,98069
183,0715    53,07707
184,4715    53,17921
186,1515    53,28415
187,2715    53,37217
188,6714    53,46769
190,0714    53,56712
191,4714    53,67779
192,8714    53,77683
194,2714    53,86592
195,6714    53,97635
197,0714    54,06757
198,4714    54,16495
199,8714    54,26503
201,2714    54,36892
202,6714    54,4665
204,0714    54,56454
205,4714    54,67468
207,1514    54,78871
208,5514    54,88036
209,6714    54,97404
211,0714    55,06856
212,7513    55,18501
213,8713    55,27806
215,2713    55,37096
216,6713    55,47111
218,3513    55,58012
219,4713    55,6789
220,8713    55,77562
222,2713    55,87461
223,9513    55,98278
225,3513    56,08022
226,4713    56,17451
227,8713    56,26479
229,2713    56,36367
230,9513    56,48132
232,3513    56,58406
233,4713    56,66605
234,8712    56,77265
236,5512    56,88228
237,6712    56,97604
239,0712    57,07855
240,4712    57,164
241,8712    57,2653
243,5512    57,38245
244,6712    57,47741
246,0712    57,57525
247,4712    57,67425
248,8712    57,7763
250,2712    57,86504
251,6712    57,97001
253,0712    58,07183
254,4712    58,17518
256,1512    58,28822
257,2711    58,37514
258,6711    58,46531
260,0711    58,57676
261,4711    58,67659
262,8711    58,77419
264,2711    58,86497
265,6711    58,96699
267,0711    59,07693
268,4711    59,17841
270,1511    59,28054
271,5511    59,38297
272,6711    59,47958
274,3511    59,5811
275,4711    59,67421
276,8711    59,77969
278,5511    59,88808
279,6711    59,9786
281,351    60,08127
282,471    60,16542
283,871    60,27924
285,271    60,37506
286,671    60,47605
288,071    60,57381
289,751    60,68969
290,871    60,76379
292,271    60,86484
293,671    60,97979
295,071    61,07258
296,471    61,17952
298,151    61,28315
299,271    61,36498
300,671    61,47969
302,071    61,5771
303,7509    61,68232
304,8709    61,76461
306,2709    61,86763
307,6709    61,97789
309,0709    62,07392
310,4709    62,16616
312,1509    62,2806
313,8309    62,36581
317,1909    62,48041
319,9909    62,58743
322,2309    62,67752
325,0309    62,7714
327,8308    62,87869
330,6308    62,96552
332,5908    63,06398
333,9908    63,17255
335,3908    63,27225
336,7908    63,36478
338,4708    63,48018
339,8708    63,58006
340,9908    63,67577
342,3908    63,77384
343,7908    63,87564
345,1908    63,97511
346,5908    64,07695
347,9908    64,17255
349,3907    64,26809
350,7907    64,36613
352,1907    64,47441
353,5907    64,57475
354,9907    64,6769
356,3907    64,76778
357,7907    64,87701
359,1907    64,97514
360,8707    65,08987
361,9907    65,17281
363,3907    65,26435
364,7907    65,37339
366,1907    65,47215
367,8707    65,58754
369,2707    65,6838
370,6707    65,78764
372,0706    65,88089
373,4706    65,98191
374,5906    66,07209
375,9906    66,17911
377,3906    66,27579
379,0706    66,3837
380,1906    66,47004
381,5906    66,57559
382,9906    66,67912
384,3906    66,77219
385,7906    66,87057
387,1906    66,97739
388,5906    67,07068
389,9906    67,16725
391,3906    67,27183
392,7906    67,3702
394,4706    67,48038
395,5905    67,57755
396,9905    67,67656
398,6705    67,7908
399,7905    67,87244
401,1905    67,9773
402,5905    68,07378
403,9905    68,17599
405,3905    68,27602
406,7905    68,376
408,1381    68,4791
409,5381    68,57157
410,9381    68,67292
412,3381    68,77376
411,9836    68,87782
411,2835    68,97829
410,5834    69,06685
409,8833    69,16637
409,1833    69,27945
409,7432    69,37936
411,1432    69,4711
412,5432    69,56403
413,9432    69,67354
415,3432    69,77011
416,7432    69,87775
418,1432    69,97852
419,5432    70,07112
421,2232    70,18329
422,3432    70,26902
424,0232    70,3886
425,4232    70,48452
426,6832    70,58309
427,2432    70,67857
427,9433    70,77065
428,6434    70,87197
429,3434    70,96567
430,0435    71,07224
430,7436    71,16644
431,5837    71,2865
432,2838    71,38483
docks has started -------------------------    234,8495
445,9838    234,8695
447,1038    234,9579
448,5038    235,0517
450,1838    235,1683
451,5838    235,2653
452,7038    235,3533
454,1038    235,4552
455,7838    235,5714
457,1838    235,6656
458,3038    235,7511
459,9838    235,8677
461,3838    235,9646
462,5038    236,0537
463,9038    236,1535
465,3038    236,2548
466,9838    236,3705
468,1038    236,454
469,5038    236,5528
470,9038    236,6528
472,3038    236,7586
473,7038    236,8549
475,1038    236,9501
476,5038    237,0503
478,1838    237,1646
479,3038    237,2514
480,7038    237,3533
482,1038    237,4533
483,5038    237,5599
485,1837    237,6633
486,3037    237,7504
487,7037    237,8506
489,1037    237,9552
490,5037    238,0593
491,9037    238,1514
493,3037    238,2542
494,9837    238,3636
494,6758    238,4638
494,1158    238,5511
493,2758    238,6631
492,5758    238,7639
491,8758    238,8688
492,5758    238,9567
494,2558    239,0635
495,3758    239,157
497,0558    239,266
498,1758    239,3546
499,5757    239,4563
500,9758    239,5546
502,3757    239,6574
503,7758    239,7504
505,4557    239,8625
506,5757    239,9532
508,2557    240,0636
509,6557    240,1677
510,7757    240,2565
512,4557    240,3647
513,5757    240,4516
515,2557    240,5639
516,3757    240,658
517,7757    240,7577
519,1757    240,8518
520,8557    240,9666
521,9756    241,0503
523,3757    241,154
525,0557    241,268
526,1757    241,355
527,8557    241,46
528,9756    241,5502
530,6556    241,6639
532,0556    241,7628
533,1756    241,8541
534,5756    241,9537
536,2556    242,0614
537,3756    242,1571
536,5356    242,2656
535,9756    242,3588
535,2756    242,4563
