Start Distance log 
Login date and time: 17-1-2021 10:31:22

docks has started -------------------------    7,110859
13,28    7,130859
14,68    7,224776
15,8    7,314828
17,2    7,411313
18,88    7,523319
20,00001    7,612513
21,68001    7,723133
23,08002    7,828079
24,48002    7,920557
25,60002    8,016932
27,28003    8,122699
28,68003    8,227373
29,80003    8,317959
31,48004    8,422149
32,88003    8,522765
34,28003    8,62449
35,96002    8,743757
37,08001    8,821289
38,48001    8,926274
39,88    9,02597
41,27999    9,12172
42,67999    9,223721
43,79998    9,318178
45,47998    9,422122
46,59997    9,518219
48,27996    9,622363
49,67996    9,722559
51,07995    9,823875
52,47995    9,924609
53,87994    10,02295
55,27993    10,12016
56,67993    10,22143
58,07992    10,32226
59,47992    10,42213
60,59991    10,51114
62,2799    10,62496
63,3999    10,71243
64,7999    10,81264
66,47989    10,92045
67,59988    11,01324
69,27988    11,12566
70,67987    11,22376
71,79987    11,31878
73,19986    11,41472
74,87985    11,5256
76,27985    11,6253
77,39984    11,71927
78,79984    11,81408
80,47983    11,92709
81,87982    12,02236
83,27982    12,12231
84,39981    12,21969
86,0798    12,32555
87,1998    12,41988
88,87979    12,52309
90,27979    12,62103
91,39978    12,71799
93,07977    12,82645
94,47977    12,92205
95,59976    13,01953
96,99976    13,11462
98,67975    13,22547
100,0797    13,3228
101,1997    13,4118
102,5997    13,51667
103,9997    13,61266
105,2601    13,72846
104,5615    13,82686
103,8604    13,92206
103,2989    14,01932
102,4566    14,13036
102,1747    14,22263
103,5727    14,32098
103,2516    14,42095
