Start Distance to Gillface log 
Login date and time: 17-1-2021 10:31:21

docks has started -------------------------    7,110859
4,995555    7,130859
5,268559    7,224776
5,307922    7,314828
5,550111    7,411313
5,886043    7,523319
5,935724    7,612513
6,28829    7,723133
6,428932    7,828079
6,719196    7,920557
6,682705    8,016932
7,09351    8,122699
7,237423    8,227373
7,270391    8,317959
7,700121    8,422149
7,892719    8,522765
8,071627    8,62449
8,319733    8,743757
8,506464    8,821289
8,638844    8,926274
8,831079    9,02597
9,06736    9,12172
9,223686    9,223721
9,188225    9,318178
9,592541    9,422122
9,529369    9,518219
9,922951    9,622363
10,08122    9,722559
10,22145    9,823875
10,3649    9,924609
10,53426    10,02295
10,71394    10,12016
10,83866    10,22143
10,96479    10,32226
11,09917    10,42213
11,08776    10,51114
11,31629    10,62496
11,31746    10,71243
11,43185    10,81264
11,72417    10,92045
11,64611    11,01324
11,87002    11,12566
11,99533    11,22376
11,87698    11,31878
12,02295    11,41472
12,24905    11,5256
12,33751    11,6253
12,21778    11,71927
12,36337    11,81408
12,54342    11,92709
12,67491    12,02236
12,74026    12,12231
12,55614    12,21969
12,814    12,32555
12,66315    12,41988
12,94852    12,52309
13,02116    12,62103
12,82333    12,71799
13,02465    12,82645
13,11736    12,92205
12,90064    13,01953
12,99307    13,11462
13,14417    13,22547
13,19771    13,3228
13,08316    13,4118
13,02437    13,51667
13,08534    13,61266
12,7255    13,72846
10,64571    13,82686
8,604805    13,92206
6,778358    14,01932
4,603592    14,13036
3,214371    14,22263
3,432304    14,32098
1,91153    14,42095
