Start Distance to Gillface log 
Login date and time: 17-1-2021 10:33:06

docks has started -------------------------    6,220252
4,995555    6,240252
5,062821    6,32798
5,348677    6,444158
5,554194    6,543699
5,523661    6,639576
5,908337    6,724187
5,937896    6,838391
6,334759    6,921986
6,320656    7,039828
6,676338    7,126855
6,764801    7,23615
7,113289    7,323776
7,223347    7,431272
7,472631    7,527165
7,715605    7,623584
7,847031    7,729298
8,183739    7,841238
8,132502    7,938671
8,531548    8,021682
8,717859    8,145138
8,739532    8,2356
8,978973    8,330894
9,153564    8,431193
9,392231    8,525944
9,496525    8,631304
9,794819    8,720613
9,785057    8,834517
10,08416    8,923175
10,16243    9,029279
10,45252    9,140471
10,60162    9,240218
10,62886    9,327086
10,82076    9,422851
10,76027    9,538233
11,08509    9,622906
