Start Distance log 
Login date and time: 17-1-2021 10:33:06

docks has started -------------------------    6,220252
13,28    6,240252
14,4    6,32798
16,08    6,444158
17,48    6,543699
18,6    6,639576
20,00001    6,724187
21,40001    6,838391
22,80001    6,921986
24,20002    7,039828
25,60002    7,126855
27,00002    7,23615
28,40003    7,323776
29,80003    7,431272
31,20004    7,527165
32,60003    7,623584
34,00003    7,729298
35,68002    7,841238
36,80001    7,938671
38,20001    8,021682
39,88    8,145138
41    8,2356
42,39999    8,330894
43,79998    8,431193
45,19998    8,525944
46,59997    8,631304
47,99997    8,720613
49,39996    8,834517
50,79995    8,923175
52,19995    9,029279
53,87994    9,140471
55,27993    9,240218
56,39993    9,327086
57,79992    9,422851
59,19992    9,538233
60,59991    9,622906
