Start Distance to Gillface log 
Login date and time: 11-1-2021 17:25:18

docks has started -------------------------    0
12,76    0,02
12,79497    0,1102752
12,91069    0,2167684
13,1893    0,3094436
13,48118    0,4007449
13,52496    0,5121218
13,64648    0,6167542
14,05418    0,7205147
14,02965    0,8135521
14,22823    0,9109144
14,33405    1,015454
14,47629    1,116716
14,84119    1,222242
14,9281    1,304893
15,10017    1,425145
15,27926    1,522176
15,34955    1,605357
15,47142    1,70634
15,62387    1,804595
15,70838    1,907875
15,68637    2,019148
16,03744    2,100977
16,11581    2,203784
16,25648    2,301448
16,2194    2,41253
16,3167    2,512894
16,54073    2,624706
16,5035    2,713305
16,53776    2,817557
16,75581    2,907517
16,89946    3,024082
16,95271    3,104775
17,07961    3,200824
17,0208    3,310538
17,15114    3,405729
17,27334    3,501274
17,24809    3,607509
17,21978    3,713639
17,26831    3,813746
17,31423    3,91375
17,45061    4,006818
17,3366    4,117986
17,38586    4,216871
17,55732    4,306556
17,43148    4,417615
17,56153    4,50978
17,70686    4,600595
17,51256    4,715639
17,57162    4,812108
17,52163    4,916122
17,70111    5,003444
17,51729    5,11642
17,60021    5,210093
17,55471    5,312632
17,6325    5,40616
17,67722    5,50177
17,49531    5,613041
17,47735    5,71248
17,42265    5,814207
17,36407    5,915918
17,51557    6,002753
17,26893    6,116952
17,25822    6,214505
17,37234    6,303194
17,18135    6,412628
17,25732    6,50346
17,19626    6,603422
16,93055    6,717062
16,92281    6,812821
16,85177    6,912621
16,84126    7,026984
16,79215    7,105866
16,54018    7,217037
16,5247    7,312032
16,48135    7,406794
16,28561    7,51333
16,35501    7,601929
16,12218    7,710366
15,91116    7,81705
15,94759    7,907114
15,65979    8,018304
15,55759    8,116991
15,63618    8,203596
15,31332    8,316216
15,39333    8,420506
15,18388    8,50695
14,98386    8,610727
14,90179    8,706603
14,64111    8,813748
14,58022    8,907761
14,4642    9,005084
14,10691    9,117596
13,99475    9,214159
13,99977    9,32085
13,80873    9,421944
13,56908    9,50813
13,34528    9,610794
13,09634    9,714766
13,11707    9,801529
12,85324    9,905936
12,66165    10,00555
12,3399    10,11304
12,26372    10,22238
11,84773    10,31778
11,61343    10,41902
11,64101    10,52115
11,20076    10,61734
11,1949    10,721
10,88953    10,82561
10,71297    10,90498
10,47035    11,02236
10,26715    11,10296
9,940857    11,22487
9,804321    11,30104
9,305374    11,41587
9,152985    11,50951
8,872574    11,62747
8,548965    11,71411
8,433365    11,80488
8,041336    11,91194
8,034149    12,01354
8,343018    12,12751
8,439117    12,21233
8,754242    12,30194
8,820007    12,41177
9,151093    12,52244
9,232834    12,60735
9,317917    12,71453
9,62001    12,80373
9,700607    12,91059
9,919113    13,02853
10,10835    13,12593
10,32065    13,22115
10,42807    13,3021
10,53247    13,40536
10,57338    13,51333
10,83485    13,60349
10,9227    13,70708
11,01175    13,81026
11,15741    13,90866
11,24867    14,011
11,36429    14,11113
11,58313    14,20293
11,62563    14,30811
11,85095    14,42044
11,746    14,51474
11,92497    14,60846
12,11552    14,72244
11,97327    14,81871
12,23634    14,90517
12,38818    15,04223
12,44896    15,12226
12,36595    15,21291
12,46048    15,31101
12,6772    15,42063
12,70387    15,52318
12,6241    15,61251
12,79897    15,70348
12,83786    15,80426
12,89702    15,90324
12,84656    16,00999
12,95209    16,10499
12,84006    16,2156
12,93924    16,31048
13,01779    16,4066
13,05795    16,50523
13,08749    16,60434
13,09702    16,70462
12,95714    16,81533
12,99075    16,91327
12,89978    17,01984
12,96288    17,11512
12,92302    17,21744
13,07593    17,30582
13,10666    17,40262
13,08446    17,50287
13,05843    17,60311
12,86612    17,7147
12,9269    17,80829
12,89485    17,9081
12,94151    18,00217
12,82289    18,10744
12,72403    18,21103
12,71158    18,30838
12,68954    18,40613
12,64252    18,50534
12,4209    18,61619
12,49689    18,70644
12,39621    18,80847
12,26688    18,91216
12,2919    19,00513
12,0239    19,11761
11,94153    19,21728
11,85461    19,317
11,73651    19,41853
11,78976    19,50838
11,59906    19,61422
11,56757    19,70921
11,58185    19,80094
11,47916    19,90015
11,22946    20,00879
11,21921    20,1014
11,07028    20,20286
10,83752    20,30952
10,80777    20,40268
10,5658    20,50939
10,46198    20,60686
10,21136    20,71357
10,11755    20,80989
9,872589    20,91568
9,94516    21,00084
9,682739    21,10723
9,40329    21,21441
9,367767    21,3058
9,122345    21,41028
8,805847    21,51899
8,893677    21,60189
8,671509    21,70413
8,450531    21,80603
8,054504    21,91864
7,974152    22,01123
8,167633    22,11166
8,402802    22,2083
8,686401    22,30064
8,773834    22,40883
9,026733    22,52604
9,083099    22,6131
9,328064    22,70735
9,412079    22,81439
9,733734    22,90183
9,74472    23,0141
10,06219    23,10131
10,15771    23,20607
10,40649    23,32062
10,45233    23,40631
10,44156    23,51851
10,60516    23,61652
10,89178    23,70451
10,91339    23,8131
11,17715    23,90234
11,12866    24,01575
11,34067    24,10846
11,52115    24,20336
11,59558    24,30618
11,6799    24,40791
11,81699    24,50526
11,97974    24,60036
11,9985    24,70619
12,13309    24,80286
12,16165    24,90731
12,18723    25,01164
12,32605    25,1071
12,35251    25,21073
12,55057    25,32219
12,47836    25,41124
12,66415    25,52294
12,22632    25,6286
11,63483    25,71417
10,95166    25,81667
10,29993    25,91652
9,61084    26,01884
9,835938    26,10514
10,5257    26,21869
12,13974    26,3053
13,5578    26,40594
14,89639    26,51204
16,28619    26,61411
17,65387    26,71748
19,07193    26,81692
20,53772    26,91266
21,94571    27,01226
21,88925    27,11618
22,10004    27,2207
22,05365    27,30345
22,03027    27,40418
21,8707    27,51421
22,03284    27,60131
21,92203    27,70556
21,93887    27,80235
21,93713    27,90016
21,73538    28,01161
21,79849    28,10436
21,7117    28,20723
21,63492    28,30913
21,63702    28,40532
21,52585    28,50901
21,50583    28,60618
21,41425    28,70798
21,2561    28,81402
21,10687    28,91915
21,24564    29,00451
21,2084    29,10155
20,991    29,21045
20,93488    29,30822
20,77078    29,41295
20,71002    29,5105
20,6087    29,61049
20,41858    29,7161
20,45569    29,80639
20,24371    29,91291
20,06195    30,01714
19,95093    30,11644
20,00757    30,20451
19,83496    30,30734
19,53903    30,41794
19,62115    30,50366
19,51602    30,60133
19,38718    30,70028
19,2355    30,80045
18,91827    30,91101
18,74731    31,01188
18,72711    31,12075
18,5578    31,20311
18,14371    31,3187
18,08691    31,41129
18,01776    31,50443
17,69287    31,61351
17,70197    31,70125
17,27094    31,81647
17,08472    31,91601
17,09439    32,02056
16,89609    32,12035
16,71722    32,20125
16,2514    32,31718
16,16211    32,40949
15,87817    32,5136
15,65033    32,61399
15,58197    32,72153
15,18332    32,81473
14,98004    32,91288
14,84772    33,00647
14,47867    33,11425
14,41312    33,22032
14,16635    33,30319
13,71594    33,41511
14,7001    33,50777
15,66998    33,61793
16,98648    33,707
18,11105    33,80737
19,10623    33,91522
20,21219    34,0162
20,00485    34,11179
19,85062    34,20402
19,32077    34,31826
19,03775    34,41764
18,95114    34,52171
18,6351    34,60614
18,39877    34,70212
17,84207    34,81661
17,70728    34,90621
17,28436    35,01239
17,00824    35,10976
16,54416    35,2178
16,4678    35,30318
16,16718    35,40132
15,75433    35,50569
15,49097    35,60124
14,95068    35,71244
14,60126    35,81245
14,1604    35,91744
14,05383    36,00318
13,72943    36,1011
13,04059    36,21943
12,73633    36,31574
12,29138    36,41713
12,03766    36,51017
11,69092    36,60823
11,3244    36,70718
10,96356    36,8056
10,65021    36,90117
10,21252    37,00344
9,601257    37,1151
9,35614    37,20624
8,917969    37,30785
8,353821    37,41616
8,103088    37,507
8,051636    37,60794
8,27179    37,70596
8,457886    37,80647
8,589722    37,91112
8,77594    38,01094
9,016052    38,10603
9,04248    38,21826
9,411316    38,30224
9,572998    38,40281
9,660522    38,50903
9,851379    38,60658
9,893616    38,71574
10,0672    38,81403
10,31451    38,92845
10,53088    39,00041
10,44397    39,11844
10,63    39,21449
10,94611    39,30001
10,84418    39,41812
11,19855    39,54392
11,29773    39,62368
11,30603    39,71033
11,315    39,81838
11,59033    39,92709
11,75531    40,02236
11,6474    40,11681
11,84802    40,20879
11,87    40,31416
12,03601    40,40823
12,05426    40,51323
12,09003    40,61658
12,14471    40,71818
12,24524    40,81602
12,5022    40,92284
12,45673    41,01007
12,565    41,10649
12,70483    41,20029
12,6181    41,31061
12,73621    41,40545
12,8584    41,52034
12,88165    41,60099
12,83282    41,70724
12,72229    41,81767
12,85175    41,91028
12,99786    42,00143
13,00885    42,10211
13,0368    42,20128
12,96149    42,3076
12,96136    42,4082
13,07092    42,52069
12,87787    42,61448
13,00665    42,70504
12,84314    42,8161
12,89227    42,91177
12,91174    43,00929
12,75464    43,11894
12,83453    43,21165
12,94958    43,30166
12,70508    43,41652
12,87744    43,50202
12,72449    43,60989
12,5545    43,71861
12,63708    43,8096
12,5993    43,90864
12,61597    44,02288
12,55664    44,10367
12,54376    44,20022
12,45264    44,32089
12,29144    44,40793
12,30945    44,52053
12,1015    44,61026
12,12567    44,703
11,85712    44,81515
11,91486    44,90512
11,8999    45,00005
11,59204    45,11393
11,67419    45,20156
11,56824    45,30148
11,40283    45,42353
11,31665    45,52156
11,00531    45,61572
10,97858    45,7277
10,93048    45,80415
10,61035    45,91645
10,45941    46,01741
10,55176    46,10234
10,3725    46,20465
10,09802    46,31283
9,868286    46,41784
9,936279    46,50346
9,701294    46,60829
9,556519    46,70709
9,446472    46,82125
9,187256    46,90899
9,006104    47,00933
8,657776    47,11998
8,711975    47,20495
8,3349    47,31686
8,131592    47,41757
8,167603    47,50304
7,893127    47,617
8,145935    47,71251
8,483582    47,80068
8,557739    47,91037
8,862915    48,00064
8,983154    48,10583
9,02655    48,21693
9,265198    48,31173
9,367188    48,41733
9,65686    48,50738
9,831848    48,60642
10,01807    48,70424
10,01447    48,81699
10,18768    48,91519
10,36377    49,01285
10,64825    49,10161
10,68225    49,20995
10,74597    49,31558
10,88043    49,4153
11,14282    49,50467
11,19391    49,61031
11,22888    49,71686
11,51849    49,80328
11,53717    49,90822
11,66302    50,00677
11,81445    50,10306
11,95282    50,20006
11,90106    50,31132
11,94574    50,41484
12,18536    50,50323
12,19153    50,60908
12,40521    50,72006
12,2691    50,81485
12,53662    50,92111
12,58533    51,00148
12,61511    51,10398
12,49664    51,21721
12,60437    51,31327
12,63397    51,41484
12,79968    51,50606
12,82281    51,60753
12,90668    51,70424
12,93964    51,80441
13,00476    51,90194
12,87122    52,01365
12,99426    52,10639
12,98572    52,20839
13,07495    52,30304
12,92822    52,41439
13,12286    52,50092
12,96991    52,61209
13,1106    52,70198
13,02881    52,80745
13,06689    52,90411
13,06873    53,00308
12,97357    53,1086
12,8606    53,21507
12,94904    53,3071
12,83563    53,41301
12,91663    53,50505
12,69666    53,61777
12,77344    53,70959
12,84418    53,80158
12,56921    53,91717
12,57281    54,01326
12,66406    54,10308
12,4621    54,21273
12,38678    54,31342
12,49939    54,40106
12,42145    54,50142
12,112    54,61715
12,24109    54,70296
11,91876    54,81894
12,10791    54,90026
11,89777    55,00812
11,76892    55,11024
11,64624    55,21168
11,54053    55,31171
11,55017    55,40386
11,47327    55,50148
11,31012    55,60453
11,16498    55,70613
10,83594    55,8195
10,36255    55,91454
9,544495    56,01355
9,403687    56,11378
9,345459    56,20839
9,239502    56,30587
8,994751    56,41204
8,847351    56,51167
8,745483    56,60812
8,496155    56,71376
8,494263    56,80333
8,190796    56,91189
8,167358    57,00994
8,341003    57,1119
8,552185    57,21041
8,806152    57,30508
8,866089    57,4154
9,067322    57,51374
9,313293    57,60813
9,509583    57,70626
9,710266    57,80373
9,762146    57,91292
10,04694    58,00296
10,19019    58,1041
10,39124    58,2003
10,4212    58,30985
10,49286    58,41193
11,79468    58,5087
13,38953    58,60415
17,0719    58,71133
21,49927    58,8036
25,70764    58,91277
30,16431    59,00217
30,20966    59,10779
30,37225    59,20397
30,47235    59,3047
30,57422    59,40498
30,58612    59,51186
30,75488    59,60638
30,81549    59,70889
30,83215    59,81443
30,97882    59,90976
31,05627    60,01004
31,26331    60,10025
31,27386    60,205
31,26257    60,31105
31,32446    60,4113
31,48322    60,50403
31,38843    60,61535
31,61749    60,7023
31,59009    60,80799
31,67365    60,90517
31,62653    61,01169
31,81616    61,10053
31,73425    61,20897
31,84033    61,30338
31,7738    61,41006
31,8631    61,50514
31,88702    61,60468
31,81464    61,71086
31,94867    61,8019
31,79089    61,9136
31,81348    62,01207
31,82758    62,11087
31,85083    62,20874
31,91217    62,30364
31,8432    62,40749
31,90063    62,50214
31,80914    62,60698
31,6731    62,71464
31,74799    62,80726
31,65393    62,91139
31,62555    63,01067
31,73022    63,10047
31,62213    63,20473
31,52972    63,30761
31,43835    63,41014
31,42731    63,50687
31,3703    63,60649
32,789    63,70069
34,04712    63,80553
35,40741    63,90316
36,64423    64,00887
36,54388    64,11006
36,53955    64,20453
36,42603    64,30606
36,36755    64,40365
36,29822    64,5017
36,18512    64,62103
36,05237    64,70417
35,97882    64,80173
35,76117    64,90853
35,7453    65,00177
35,57574    65,10487
35,42432    65,20649
35,29236    65,30658
35,18042    65,40511
35,04004    65,50523
34,9718    65,60042
34,72687    65,70678
34,64325    65,80247
34,51941    65,90051
34,17645    66,01233
34,0202    66,11192
33,90009    66,20894
33,82355    66,30295
33,64178    66,40341
33,44806    66,50437
33,16138    66,61094
33,06317    66,70536
32,84857    66,80687
32,55652    66,91296
32,49396    67,00445
32,16815    67,11213
32,10687    67,20308
31,92493    67,30131
31,56177    67,41051
31,32971    67,51133
31,21265    67,60482
